f(x) = (9812992158028.03)x^0 + (-12343756260359.23)x^1 + (6852937863546.66)x^2 + (-2205420462593.54)x^3 + (453666728582.64)x^4 + (-61889093414.52)x^5 + (5601404504.11)x^6 + (-324443679.90)x^7 + (10916191.19)x^8 + (-162593.75)x^9
f(8.32258) = 36383.03515625